0 1.9664232730865479 1.8531349897384644
10 0.044894758611917496 0.041167113929986954
20 0.034354642033576965 0.0332818329334259
30 0.03234194591641426 0.029861604794859886
40 0.03035437874495983 0.028224201872944832
50 0.02848948910832405 0.025413503870368004
60 0.0265361201018095 0.02391843870282173
70 0.02418588474392891 0.02181420661509037
80 0.02163645625114441 0.0181033443659544
90 0.01924958825111389 0.016491208225488663
100 0.017289523035287857 0.014923416078090668
110 0.01615024544298649 0.014316844753921032
120 0.0152510404586792 0.013139299117028713
130 0.014738144353032112 0.012716954573988914
140 0.013983041979372501 0.012285435572266579
150 0.013487903401255608 0.011487414129078388
160 0.013011482544243336 0.011124782264232635
170 0.012591667473316193 0.010595209896564484
180 0.012218613177537918 0.010229501873254776
190 0.011636641807854176 0.009869522415101528
200 0.01138191670179367 0.009542086161673069
210 0.011014492250978947 0.009181261993944645
220 0.010577021166682243 0.009015582501888275
230 0.010357439517974854 0.008707313798367977
240 0.0100180022418499 0.008737578988075256
250 0.009816637262701988 0.008796241134405136
260 0.009637810289859772 0.008315779268741608
270 0.009460629895329475 0.008061806671321392
280 0.009252029471099377 0.00830412469804287
290 0.009119386784732342 0.00793534331023693
300 0.00895616877824068 0.007562648970633745
310 0.008825821802020073 0.007944963872432709
320 0.008545969612896442 0.007583328522741795
330 0.008571375161409378 0.007614293601363897
340 0.008374822326004505 0.007381999399513006
350 0.008264794014394283 0.007399550639092922
360 0.008200999349355698 0.007399953436106443
370 0.007998714223504066 0.007248558569699526
380 0.007901846431195736 0.007435045670717955
390 0.007874513976275921 0.007198243401944637
400 0.0077087474055588245 0.008264760486781597
410 0.0076962001621723175 0.007109441328793764
420 0.007670084945857525 0.006946638226509094
430 0.007567111868411303 0.006969057489186525
440 0.007462656125426292 0.007187626324594021
450 0.00749301677569747 0.007099845912307501
460 0.007399769965559244 0.007157101761549711
470 0.007272146642208099 0.0070385318249464035
480 0.00719681428745389 0.006989107467234135
490 0.00720649678260088 0.007048130035400391
500 0.007167099509388208 0.006937721744179726
510 0.007199391257017851 0.006964477244764566
520 0.00718582421541214 0.0066843475215137005
530 0.007106409873813391 0.0068502300418913364
540 0.007086663506925106 0.00693309074267745
550 0.006965890061110258 0.007664053700864315
560 0.006988718174397945 0.006931382231414318
570 0.00704968674108386 0.006907225586473942
580 0.00694143446162343 0.006724148988723755
590 0.006919931620359421 0.006903008557856083
600 0.006873589940369129 0.00663248635828495
610 0.006866305135190487 0.006703964434564114
620 0.0068262675777077675 0.006719243712723255
630 0.006823103874921799 0.006616723258048296
640 0.006915130186825991 0.006578888278454542
650 0.006818267982453108 0.006502906326204538
660 0.006765767466276884 0.0066032144241034985
670 0.0067890058271586895 0.006851742044091225
680 0.0067207361571490765 0.0072241066955029964
690 0.006741105578839779 0.0066235181875526905
700 0.0067643774673342705 0.006761201657354832
710 0.0067189475521445274 0.0060739717446267605
720 0.0066994354128837585 0.006320254877209663
730 0.00668823579326272 0.007196320220828056
740 0.006702047772705555 0.006599312648177147
750 0.006657331250607967 0.0065855118446052074
760 0.006648138631135225 0.006582745350897312
770 0.006635076366364956 0.00665493868291378
780 0.006605867296457291 0.006714466959238052
790 0.006590683478862047 0.006626815535128117
800 0.006570184137672186 0.006817554589360952
810 0.006581772584468126 0.006484019570052624
820 0.006480149459093809 0.006689614616334438
830 0.006566219497472048 0.006681918166577816
840 0.006512945983558893 0.00717085599899292
850 0.00657380186021328 0.006581861525774002
860 0.006523431744426489 0.006541362032294273
870 0.006511492654681206 0.006541151087731123
880 0.006506352685391903 0.006487068720161915
