0  1.952412486076355  1.888159155845642
10  0.004246960394084454  0.0039378139190375805
20  0.0032312129624187946  0.0030870195478200912
30  0.0030424639116972685  0.0027461531572043896
40  0.002871487755328417  0.002711681881919503
50  0.002758829854428768  0.002664049156010151
60  0.0026577753014862537  0.0026303024496883154
70  0.0026014128234237432  0.0023823771625757217
80  0.0025584877002984285  0.0023235389962792397
90  0.0025221367832273245  0.0021910369396209717
100  0.002440771320834756  0.0022698198445141315
110  0.0023585830349475145  0.0022549156565219164
120  0.0023280505556613207  0.0022201098036020994
130  0.0023564654402434826  0.002217560540884733
140  0.002217995235696435  0.001962029840797186
150  0.00220420490950346  0.0022072196006774902
160  0.0021794454660266638  0.0018834321526810527
170  0.0020591982174664736  0.0018411802593618631
180  0.0020181029103696346  0.0018004800658673048
190  0.0019769961945712566  0.001740124775096774
200  0.0018850010819733143  0.001782331964932382
210  0.0017825710820034146  0.0016592541942372918
220  0.001769390655681491  0.0015574021963402629
230  0.0017062433762475848  0.0015052808448672295
240  0.001638097339309752  0.0014404177200049162
250  0.0015949930530041456  0.0014582513831555843
260  0.0015192909631878138  0.0014291652478277683
270  0.0014713275013491511  0.001358655164949596
280  0.001459144172258675  0.0013624854618683457
290  0.0013785359915345907  0.0013913492439314723
300  0.0013725297758355737  0.0014150168281048536
310  0.0013181035174056888  0.0012883180752396584
320  0.0012549323728308082  0.0012786135775968432
330  0.0012571827974170446  0.0013335449621081352
340  0.0012249554274603724  0.0012171976268291473
350  0.0011806346010416746  0.0012468856293708086
360  0.0011690509272739291  0.0012344341957941651
370  0.0011537617538124323  0.0011486816219985485
380  0.0011377288028597832  0.0011256133439019322
390  0.0010985482949763536  0.0012303665280342102
400  0.0010752578964456916  0.0011041407706215978
410  0.0010734470561146736  0.0013195864157751203
420  0.001061852090060711  0.0010434355353936553
430  0.0010274896631017327  0.001079670269973576
440  0.001072416314855218  0.0011549171758815646
450  0.0010174138005822897  0.0010235089575871825
460  0.00100039504468441  0.0010283486917614937
470  0.0009688269929029047  0.0010885450756177306
480  0.0009482993627898395  0.000965205195825547
490  0.0009354835492558777  0.0010063296649605036
500  0.000928782916162163  0.0010473314905539155
510  0.0009228044073097408  0.0009991847909986973
520  0.0009019667631946504  0.0009210544521920383
530  0.0009018396376632154  0.0009518603910692036
540  0.0008720300393179059  0.0008845807751640677
550  0.0008467118605040014  0.000941871025133878
560  0.0008720613550394773  0.0009344785939902067
570  0.0008463204139843583  0.0009409001795575023
580  0.0008488494204357266  0.0009171418496407568
590  0.0008464846177957952  0.0008457339135929942
600  0.0008158055134117603  0.0008710183319635689
610  0.0007803997723385692  0.0008074148208834231
620  0.0007850787369534373  0.000809174554888159
630  0.0008037167135626078  0.0008148979977704585
640  0.0007802080945111811  0.0008133650990203023
650  0.0007562566315755248  0.000883750501088798
660  0.0007709628553129733  0.0008193511748686433
670  0.0007426845259033144  0.000765034172218293
680  0.0007439883193001151  0.0007707836921326816
690  0.0007618978270329535  0.0008493116474710405
700  0.0007425267249345779  0.0008072624914348125
710  0.0006984408246353269  0.0007495126919820905
720  0.000695540220476687  0.0007414703723043203
730  0.0007144816336221993  0.0008305126684717834
740  0.0006956092547625303  0.0007129692821763456
750  0.0006902181776240468  0.0007446015952154994
760  0.000683354155626148  0.0006995283183641732
770  0.0006766312872059643  0.000686774670612067
780  0.000656638469081372  0.000698263116646558
790  0.0006787846214137971  0.0006731956382282078
800  0.0006763320998288691  0.0006879985448904335
810  0.0006495979032479227  0.0007353146211244166
820  0.0006506232894025743  0.0007044797530397773
830  0.0006512959371320903  0.0006931063253432512
840  0.0006445936160162091  0.0006807783502154052
850  0.0006369476323015988  0.0007286055479198694
860  0.000620876089669764  0.0006862026639282703
870  0.0006418849225156009  0.0006986942607909441
880  0.0006260918453335762  0.0007924336823634803
890  0.0006307706935331225  0.0006202284130267799
900  0.0006199502386152744  0.0006126774242147803
910  0.0006157254101708531  0.0006660763756372035
920  0.0006174950976856053  0.000631186063401401
930  0.0006097886362113059  0.0006275323685258627
940  0.0005994660896249115  0.0006013157544657588
950  0.0005869733868166804  0.0006254712352529168
960  0.0005871915491297841  0.0006345415604300797
970  0.0005899517564103007  0.0006167891551740468
980  0.0006010635988786817  0.0006344360299408436
990  0.0005815569893456995  0.000599216902628541
